
Naive Pattern Searching Algorithm
Birthday: 970618
763276
1182759
1654434
3048461
4364964
4591081
5443215
7086334
7595078
8032011
8135204
8423500
9925570
10236627
10705646
10750561
12046360
12572624
13451701
15617035
16489883
18503434
20824303
22481428
23316395
24340215
27335724
28534274
29346090
30490936
31606514
34826742
37870759
38132186
39889279
40885751
42175596
42213008
42262022
42275973
43647427
44057357
45347785
45784228
46912419
47417662
47805216
48005477
48328816
49370354
49990607
51593901
54165189
55520178
57151842
57716689
58442553
58972903
63048660
63777260
64676061
65698422
65949612
66634164
66940327
67673107
67741991
68032802
68207546
68324936
68507768
69832042
69840800
70250867
71031749
73993670
78377814
79143155
79939915
80018913
80370284
81622221
81763386
82828752
84555297
85035966
86162575
86781942
88689066
90440767
90678408
94409877
94502393
96199732
96445788
97210103
97250023
97361881
97684580
98903774
99247003

KMP Pattern Searching Algorithm
Birthday: 970618
763276
1182759
1654434
3048461
4364964
4591081
5443215
7086334
7595078
8032011
8135204
8423500
9925570
10236627
10705646
10750561
12046360
12572624
13451701
15617035
16489883
18503434
20824303
22481428
23316395
24340215
27335724
28534274
29346090
30490936
31606514
34826742
37870759
38132186
39889279
40885751
42175596
42213008
42262022
42275973
43647427
44057357
45347785
45784228
46912419
47417662
47805216
48005477
48328816
49370354
49990607
51593901
54165189
55520178
57151842
57716689
58442553
58972903
63048660
63777260
64676061
65698422
65949612
66634164
66940327
67673107
67741991
68032802
68207546
68324936
68507768
69832042
69840800
70250867
71031749
73993670
78377814
79143155
79939915
80018913
80370284
81622221
81763386
82828752
84555297
85035966
86162575
86781942
88689066
90440767
90678408
94409877
94502393
96199732
96445788
97210103
97250023
97361881
97684580
98903774
99247003

Rabin-Karp Pattern Searching Algorithm
Birthday: 970618
763276
1182759
1654434
3048461
4364964
4591081
5443215
7086334
7595078
8032011
8135204
8423500
9925570
10236627
10705646
10750561
12046360
12572624
13451701
15617035
16489883
18503434
20824303
22481428
23316395
24340215
27335724
28534274
29346090
30490936
31606514
34826742
37870759
38132186
39889279
40885751
42175596
42213008
42262022
42275973
43647427
44057357
45347785
45784228
46912419
47417662
47805216
48005477
48328816
49370354
49990607
51593901
54165189
55520178
57151842
57716689
58442553
58972903
63048660
63777260
64676061
65698422
65949612
66634164
66940327
67673107
67741991
68032802
68207546
68324936
68507768
69832042
69840800
70250867
71031749
73993670
78377814
79143155
79939915
80018913
80370284
81622221
81763386
82828752
84555297
85035966
86162575
86781942
88689066
90440767
90678408
94409877
94502393
96199732
96445788
97210103
97250023
97361881
97684580
98903774
99247003

Boyer Moore Pattern Searching Algorithm
Birthday: 970618
763276
1182759
1654434
3048461
4364964
4591081
5443215
7086334
7595078
8032011
8135204
8423500
9925570
10236627
10705646
10750561
12046360
12572624
13451701
15617035
16489883
18503434
20824303
22481428
23316395
24340215
27335724
28534274
29346090
30490936
31606514
34826742
37870759
38132186
39889279
40885751
42175596
42213008
42262022
42275973
43647427
44057357
45347785
45784228
46912419
47417662
47805216
48005477
48328816
49370354
49990607
51593901
54165189
55520178
57151842
57716689
58442553
58972903
63048660
63777260
64676061
65698422
65949612
66634164
66940327
67673107
67741991
68032802
68207546
68324936
68507768
69832042
69840800
70250867
71031749
73993670
78377814
79143155
79939915
80018913
80370284
81622221
81763386
82828752
84555297
85035966
86162575
86781942
88689066
90440767
90678408
94409877
94502393
96199732
96445788
97210103
97250023
97361881
97684580
98903774
99247003
